cnn_loss = [0.560942,0.203308,0.171505,0.145375,0.127731,0.115324,0.115229,0.100846,0.103983,0.096259,0.107010,0.097250,0.083607,0.083666,0.086973,0.076393,0.077556,0.078663,0.076998,0.075172,0.068235,0.066984,0.065358,0.074433,0.069517,0.063426,0.060610,0.058569,0.056841,0.060664,0.058285,0.054372,0.056360,0.054412,0.053042,0.059652,0.055303,0.052425,0.054429,0.053337,0.050869,0.053435,0.047549,0.043689,0.044193,0.049996,0.046473,0.041482,0.039951,0.038439,0.039240,0.038330,0.037793,0.036544,0.036770,0.035654,0.034570,0.034514,0.033683,0.034449,0.034659,0.031552,0.033146,0.032138,0.031815,0.033538,0.032247,0.033626,0.031582,0.032129,0.028221,0.027698,0.026924,0.028609,0.032028,0.028988,0.030981,0.032806,0.030893,0.029545,0.027077,0.029130,0.026807,0.026051,0.027483,0.030431,0.027511,0.024890,0.028035,0.030056,0.024706,0.025181,0.024864,0.022727,0.030795,0.030366,0.024090,0.025034,0.027748,0.028136,]

cnn_train_acc = [0.861367,0.943867,0.950967,0.958067,0.961383,0.965200,0.965767,0.969367,0.968350,0.970967,0.966400,0.970050,0.974550,0.973783,0.973100,0.976300,0.976250,0.975233,0.976867,0.976983,0.979167,0.979550,0.979817,0.977400,0.978750,0.980650,0.981450,0.982100,0.982867,0.981467,0.981833,0.983150,0.982467,0.983833,0.984083,0.981617,0.983133,0.984583,0.983300,0.983400,0.983950,0.983333,0.985533,0.986733,0.986817,0.984383,0.985750,0.987517,0.987900,0.988683,0.988267,0.988467,0.988883,0.989817,0.988883,0.989567,0.990167,0.989867,0.990083,0.989667,0.990050,0.990917,0.990500,0.991033,0.991317,0.989900,0.990633,0.990067,0.990317,0.990467,0.992267,0.992483,0.992500,0.992117,0.990633,0.991667,0.990817,0.990533,0.990483,0.990950,0.992183,0.991283,0.992333,0.992650,0.991900,0.990700,0.991933,0.992500,0.991683,0.990383,0.992950,0.992950,0.992850,0.993917,0.990250,0.990883,0.993467,0.993183,0.991917,0.991633]

cnn_valid_loss = [0.249087,0.161238,0.163611,0.122539,0.107188,0.115086,0.104239,0.101666,0.096495,0.110017,0.105761,0.095396,0.089581,0.088016,0.090101,0.085189,0.091106,0.088233,0.097248,0.086152,0.084508,0.075919,0.088791,0.085399,0.078951,0.080585,0.079871,0.074653,0.078538,0.100040,0.073120,0.073926,0.080815,0.075142,0.077218,0.085608,0.075683,0.081892,0.074690,0.079567,0.078028,0.078655,0.072065,0.078652,0.078301,0.080887,0.073627,0.069712,0.069798,0.073512,0.069657,0.074973,0.069274,0.072052,0.068210,0.072103,0.071211,0.072899,0.070612,0.073650,0.071623,0.072423,0.070153,0.070170,0.073584,0.075096,0.075081,0.076304,0.072092,0.073804,0.072086,0.070151,0.072976,0.077453,0.075813,0.076625,0.087169,0.080329,0.076205,0.076112,0.074944,0.076682,0.071597,0.078397,0.077753,0.077030,0.078711,0.075884,0.071689,0.070147,0.071673,0.072026,0.072793,0.072930,0.079448,0.075725,0.076468,0.077805,0.077542,0.082485,]

cnn_valid_acc = [0.936900,0.952500,0.953100,0.961800,0.966500,0.964500,0.967200,0.967000,0.970000,0.964300,0.965600,0.969100,0.969800,0.970700,0.971100,0.971900,0.970800,0.972100,0.967300,0.973400,0.971700,0.973100,0.971000,0.972100,0.974000,0.974000,0.973500,0.974900,0.974200,0.968100,0.976100,0.976500,0.974400,0.974400,0.975300,0.971400,0.974800,0.973200,0.974800,0.972500,0.973900,0.974000,0.976000,0.973500,0.974800,0.972800,0.976500,0.977000,0.976600,0.975700,0.976200,0.975200,0.977000,0.977000,0.977700,0.976700,0.976900,0.976100,0.977500,0.976100,0.976900,0.975600,0.977600,0.978000,0.976100,0.976600,0.976700,0.977300,0.977200,0.976000,0.977100,0.977300,0.976400,0.975700,0.975500,0.975300,0.971900,0.973300,0.976000,0.976500,0.977300,0.976900,0.978800,0.975900,0.975800,0.976300,0.976700,0.977300,0.977400,0.978100,0.977800,0.978900,0.977200,0.977300,0.974500,0.976600,0.976600,0.975800,0.976400,0.975300,]